%problem #, theta(deg), phi(deg), A, B, C, mu, a, residual
1, 81.0, 0.0, 0.1, 0.001, 0.2, 1.5, 0.001, 2.24971950791e-18
6, 63.0, 0.0, 0.01, 0.01, 1.0, 0.5, 0.001, 1.15874107184e-18
0, 153.0, 0.0, 0.001, 0.01, 0.6, 0.5, 0.1, 0.0
2, 99.0, 0.0, 100.0, 100.0, 0.4, 2.0, 0.01, 0.0
2, 0.0, 0.0, 0.001, 0.001, 0.2, 1.5, 1.0, 0.0
7, 81.0, 0.0, 0.001, 1000.0, 0.8, 0.5, 0.1, 2.00024438473e-13
7, 81.0, 0.0, 1000.0, 0.001, 0.4, 2.0, 0.01, 4.08562073062e-13
2, 126.0, 0.0, 1000.0, 0.01, 0.2, 2.0, 0.01, -9.76649316975e-16
3, 27.0, 0.0, 100.0, 0.001, 0.6, 2.0, 0.01, 2.22044604925e-16
6, 54.0, 0.0, 0.01, 0.01, 0.2, 3.0, 0.01, -1.95156391047e-18
6, 126.0, 0.0, 1000.0, 0.1, 0.2, 3.0, 0.001, 3.73034936274e-14
7, 180.0, 0.0, 0.01, 1.0, 0.0, 1.5, 10.0, 1.21430643318e-16
1, 171.0, 0.0, 100.0, 0.1, 0.4, 0.5, 10.0, 4.54747350886e-13
0, 63.0, 0.0, 0.001, 0.01, 1.0, 3.0, 0.1, 0.0
0, 63.0, 0.0, 0.01, 0.001, 0.6, 1.0, 1.0, 0.0
2, 63.0, 0.0, 1.0, 0.1, 0.4, 3.0, 0.001, 0.0
6, 18.0, 0.0, 0.1, 0.1, 1.0, 1.0, 0.001, -3.5859986855e-17
3, 90.0, 0.0, 0.001, 0.001, 0.6, 0, 1.0, -3.46944695195e-18
2, 126.0, 0.0, 0.1, 100.0, 0.8, 1.0, 1.0, 0.0
2, 126.0, 0.0, 0.001, 0.001, 0.8, 2.0, 0.1, 0.0
2, 126.0, 0.0, 1.0, 0.1, 1.0, 0, 0.1, -2.77555756156e-17
0, 135.0, 0.0, 10.0, 1.0, 0.6, 2.5, 0.1, 0.0
1, 54.0, 0.0, 0.01, 0.1, 0.4, 2.0, 10.0, -8.32667268469e-17
7, 135.0, 0.0, 0.01, 100.0, 0.4, 1.5, 0.1, 3.2099106359e-14
0, 27.0, 0.0, 10.0, 1.0, 0.8, 0.5, 0.001, 0.0
0, 18.0, 0.0, 0.1, 0.001, 0.4, 2.0, 0.01, 0.0
6, 135.0, 0.0, 0.1, 0.01, 0.6, 0.5, 0.001, -5.60396997903e-18
3, 72.0, 0.0, 0.001, 0.01, 1.0, 2.5, 0.001, -1.84632006678e-18
3, 9.0, 0.0, 0.001, 0.001, 0.8, 1.0, 0.001, 3.22084278193e-19
0, 153.0, 0.0, 1.0, 0.1, 1.0, 3.0, 1.0, 0.0
0, 27.0, 0.0, 10.0, 10.0, 0.2, 3.0, 10.0, 0.0
1, 18.0, 0.0, 1.0, 100.0, 0.6, 1.0, 0.001, 9.54965273525e-15
7, 108.0, 0.0, 0.1, 0.001, 0.0, 2.5, 10.0, 2.79290479632e-16
6, 135.0, 0.0, 0.1, 0.1, 0.8, 3.0, 10.0, -6.93889390391e-17
2, 54.0, 0.0, 0.01, 0.1, 0.4, 1.0, 0.1, 0.0
2, 0.0, 0.0, 0.001, 1000.0, 0.4, 1.0, 0.001, 0.0
6, 144.0, 0.0, 1.0, 0.1, 0.4, 2.5, 0.01, 0.0
0, 171.0, 0.0, 1.0, 0.01, 1.0, 2.5, 0.01, 0.0
2, 144.0, 0.0, 0.1, 10.0, 0.8, 3.0, 1.0, 0.0
6, 90.0, 0.0, 10.0, 0.1, 0.8, 0.5, 0.01, 7.87564458093e-16
7, 0.0, 0.0, 0.001, 10.0, 0.2, 0, 0.001, 0.0
2, 135.0, 0.0, 100.0, 0.01, 1.0, 1.0, 0.01, -2.77555756156e-17
0, 9.0, 0.0, 1000.0, 0.01, 1.0, 1.0, 0.001, 0.0
3, 99.0, 0.0, 100.0, 0.001, 0.6, 1.5, 0.1, 0.0
0, 126.0, 0.0, 0.01, 10.0, 0.6, 0, 0.1, 0.0
6, 9.0, 0.0, 0.01, 10.0, 0.2, 3.0, 10.0, -1.74339709336e-15
7, 108.0, 0.0, 1.0, 0.1, 0.0, 0, 0.1, 0.0
0, 81.0, 0.0, 1000.0, 10.0, 0.4, 1.5, 1.0, 0.0
0, 36.0, 0.0, 10.0, 0.01, 0.4, 2.0, 0.1, 0.0
3, 18.0, 0.0, 0.001, 10.0, 0.0, 0, 0.01, 1.21024067504e-15
7, 45.0, 0.0, 10.0, 1000.0, 0.0, 1.0, 0.01, 3.2741864775e-13
6, 180.0, 0.0, 100.0, 0.001, 1.0, 0.5, 0.01, 1.45439216226e-14
6, 180.0, 0.0, 0.1, 1000.0, 1.0, 2.0, 0.01, -3.22484660503e-13
7, 27.0, 0.0, 1.0, 1000.0, 0.0, 1.5, 0.1, -2.96984659087e-14
1, 126.0, 0.0, 0.001, 10.0, 0.2, 0, 1.0, 2.44422537765e-15
7, 72.0, 0.0, 0.1, 1.0, 0.4, 0.5, 0.001, -1.03405782201e-16
2, 171.0, 0.0, 1000.0, 1.0, 0.4, 2.5, 10.0, 0.0
3, 126.0, 0.0, 100.0, 0.01, 0.8, 1.0, 0.1, -3.5527136788e-15
3, 117.0, 0.0, 1.0, 1.0, 0.4, 0.5, 0.001, -2.09034178855e-16
3, 18.0, 0.0, 0.001, 10.0, 0.8, 0.5, 0.1, 2.32943547264e-15
2, 27.0, 0.0, 10.0, 100.0, 0.2, 0.5, 1.0, 0.0
7, 144.0, 0.0, 1.0, 1.0, 1.0, 0, 10.0, 0.0
1, 108.0, 0.0, 10.0, 0.1, 0.2, 0, 0.001, -1.97758476261e-16
7, 18.0, 0.0, 0.001, 0.1, 0.2, 1.0, 10.0, 1.5720931501e-17
7, 9.0, 0.0, 0.01, 1.0, 1.0, 2.0, 0.01, 4.16333634234e-17
7, 153.0, 0.0, 0.001, 10.0, 0.0, 0.5, 0.001, 4.03644503643e-15
7, 27.0, 0.0, 1.0, 10.0, 0.8, 3.0, 0.01, 2.41993924899e-16
0, 90.0, 0.0, 1.0, 0.001, 0.4, 2.5, 0.01, 0.0
1, 36.0, 0.0, 1.0, 10.0, 0.4, 3.0, 0.01, 1.35655375821e-15
3, 63.0, 0.0, 100.0, 100.0, 0.6, 3.0, 0.001, 3.41671135828e-14
1, 135.0, 0.0, 1000.0, 10.0, 1.0, 0, 0.01, -1.42108547152e-14
2, 108.0, 0.0, 0.01, 1000.0, 0.4, 1.0, 0.001, 0.0
7, 72.0, 0.0, 1.0, 0.001, 0.2, 0, 10.0, 0.0
1, 99.0, 0.0, 0.01, 0.1, 0.0, 2.0, 0.01, 5.71916645986e-18
1, 144.0, 0.0, 0.001, 10.0, 0.0, 0, 0.01, -7.57155975287e-16
0, 117.0, 0.0, 1000.0, 1.0, 0.8, 0.5, 0.1, 0.0
1, 54.0, 0.0, 1.0, 0.001, 0.2, 0.5, 1.0, 0.0
7, 45.0, 0.0, 100.0, 1.0, 0.0, 3.0, 0.001, 3.77475828373e-15
3, 81.0, 0.0, 0.01, 0.1, 0.2, 1.0, 10.0, -5.3290705182e-15
2, 0.0, 0.0, 0.01, 0.001, 0.0, 3.0, 1.0, 8.67361737988e-19
2, 63.0, 0.0, 0.001, 1000.0, 1.0, 1.5, 0.01, 0.0
3, 63.0, 0.0, 0.01, 100.0, 0.8, 0.5, 1.0, -1.87627691162e-14
1, 9.0, 0.0, 0.1, 0.01, 0.0, 1.0, 0.1, 0.0
7, 153.0, 0.0, 1000.0, 100.0, 1.0, 0, 0.01, 0.0
1, 162.0, 0.0, 1000.0, 10.0, 0.0, 1.5, 1.0, 9.09494701773e-13
1, 162.0, 0.0, 100.0, 100.0, 0.2, 1.0, 0.001, 2.80331313718e-15
2, 126.0, 0.0, 10.0, 100.0, 0.6, 1.5, 1.0, 0.0
6, 144.0, 0.0, 0.001, 10.0, 0.2, 2.0, 10.0, -1.35568639648e-15
7, 0.0, 0.0, 1.0, 0.001, 1.0, 2.5, 10.0, 6.32827124036e-15
0, 126.0, 0.0, 0.01, 100.0, 0.6, 1.0, 0.01, 0.0
3, 9.0, 0.0, 10.0, 0.01, 1.0, 1.0, 0.001, 4.51028103754e-17
2, 9.0, 0.0, 0.01, 0.01, 0.6, 3.0, 0.1, 0.0
0, 36.0, 0.0, 1000.0, 100.0, 0.2, 0.5, 0.1, 0.0
3, 81.0, 0.0, 0.001, 1000.0, 0.0, 1.0, 1.0, -8.00366717346e-14
1, 126.0, 0.0, 1000.0, 1.0, 0.2, 2.0, 0.01, 2.84217094304e-14
3, 27.0, 0.0, 1.0, 1000.0, 0.4, 3.0, 0.1, -2.00089944613e-13
6, 0.0, 0.0, 0.001, 1.0, 0.2, 2.0, 10.0, -2.34187669257e-17
7, 81.0, 0.0, 100.0, 0.1, 0.6, 2.0, 10.0, -3.97903932026e-13
1, 180.0, 0.0, 1000.0, 10.0, 0.2, 1.5, 0.001, -2.84217094304e-14
2, 9.0, 0.0, 0.01, 0.001, 0.0, 0.5, 10.0, 8.67361737988e-19