%problem #, theta(deg), phi(deg), A, B, C, mu, a, residual
1, 72.0, 36.0, 1000.0, 0.1, 0.6, 1.5, 1.0, 2.27373675443e-13
7, 63.0, 0.0, 0.1, 0.01, 0.0, 0, 0.01, 0.0
2, 90.0, 81.0, 0.01, 0.01, 0.4, 0, 10.0, 6.93889390391e-18
2, 27.0, 9.0, 0.001, 0.01, 0.2, 1.5, 10.0, 0.0
6, 18.0, 27.0, 100.0, 0.001, 0.0, 2.5, 10.0, 1.70530256582e-13
6, 9.0, 63.0, 0.01, 0.001, 1.0, 3.0, 10.0, 4.77048955894e-18
0, 27.0, 72.0, 0.001, 0.01, 0.2, 1.0, 10.0, 0.0
0, 36.0, 36.0, 0.1, 1000.0, 0.8, 0, 0.1, 0.0
7, 54.0, 36.0, 1.0, 0.01, 0.0, 1.5, 1.0, -1.33226762955e-15
0, 27.0, 72.0, 0.1, 10.0, 0.6, 2.0, 0.001, 0.0
7, 90.0, 54.0, 0.01, 1.0, 0.8, 2.5, 10.0, -1.53523027624e-16
6, 18.0, 45.0, 1000.0, 0.1, 1.0, 2.5, 0.001, 1.87849735767e-13
1, 9.0, 90.0, 0.001, 100.0, 1.0, 0, 10.0, -3.23942261904e-14
7, 27.0, 63.0, 10.0, 1.0, 0.2, 1.0, 0.01, -1.34614541736e-15
1, 9.0, 9.0, 0.01, 0.001, 0.8, 2.5, 0.001, -3.82858892159e-19
1, 63.0, 72.0, 100.0, 0.001, 0.2, 2.5, 1.0, 0.0
2, 81.0, 9.0, 0.1, 0.001, 0.2, 0, 0.01, 0.0
1, 36.0, 81.0, 0.01, 0.1, 0.0, 2.0, 0.1, 1.73472347598e-18
1, 36.0, 81.0, 0.001, 100.0, 0.8, 2.0, 10.0, -3.23942261904e-14
2, 90.0, 45.0, 0.1, 1000.0, 0.8, 1.5, 0.1, 0.0
6, 36.0, 90.0, 1.0, 100.0, 1.0, 2.5, 0.001, 1.87753458614e-14
7, 81.0, 45.0, 0.1, 0.001, 1.0, 2.0, 10.0, -2.77555756156e-16
7, 18.0, 72.0, 10.0, 0.01, 0.4, 2.5, 10.0, 5.59552404411e-14
7, 9.0, 63.0, 10.0, 100.0, 0.6, 3.0, 1.0, 4.39648317752e-14
7, 9.0, 54.0, 0.01, 10.0, 0.8, 2.5, 10.0, -5.97612237474e-16
2, 9.0, 18.0, 1000.0, 0.001, 0.2, 0.5, 0.001, 6.33174068732e-17
0, 36.0, 81.0, 0.001, 1000.0, 0.6, 1.5, 10.0, 0.0
1, 18.0, 90.0, 100.0, 100.0, 0.2, 0, 0.001, 2.80331313718e-15
6, 18.0, 0.0, 1000.0, 100.0, 0.8, 0.5, 1.0, -6.25277607469e-13
3, 0.0, 63.0, 10.0, 100.0, 0.2, 1.5, 10.0, -1.81898940355e-12
0, 90.0, 45.0, 10.0, 1.0, 0.4, 1.5, 10.0, 0.0
2, 36.0, 81.0, 0.001, 10.0, 0.6, 2.0, 0.1, 0.0
2, 81.0, 36.0, 1000.0, 1000.0, 0.8, 3.0, 0.01, 0.0
1, 45.0, 63.0, 0.001, 0.001, 0.0, 0.5, 1.0, 4.33680868994e-19
7, 90.0, 90.0, 1000.0, 1.0, 0.6, 1.5, 10.0, 5.07327513333e-12
3, 0.0, 90.0, 0.01, 10.0, 0.6, 1.5, 1.0, 7.77156117238e-16
3, 27.0, 9.0, 0.001, 10.0, 0.0, 2.5, 0.01, 1.21024067504e-15
1, 54.0, 90.0, 1.0, 0.01, 0.2, 3.0, 10.0, 0.0
3, 81.0, 54.0, 10.0, 1000.0, 0.4, 3.0, 0.1, 3.8635761257e-13
2, 36.0, 36.0, 100.0, 0.1, 0.8, 0.5, 10.0, -5.10702591328e-14
7, 0.0, 72.0, 0.001, 0.001, 0.4, 2.5, 10.0, 1.14383329197e-17
7, 72.0, 36.0, 1.0, 10.0, 0.6, 2.0, 1.0, 4.21884749358e-15
3, 36.0, 45.0, 0.01, 0.1, 0.4, 3.0, 10.0, -5.3290705182e-15
7, 72.0, 72.0, 1000.0, 0.01, 0.4, 0.5, 0.001, -1.31672450721e-13
2, 0.0, 72.0, 1.0, 0.01, 1.0, 1.0, 0.1, 8.67361737988e-18
0, 45.0, 63.0, 10.0, 1.0, 1.0, 2.0, 1.0, 0.0
7, 0.0, 0.0, 0.001, 100.0, 1.0, 2.0, 10.0, 2.46243997415e-15
6, 36.0, 27.0, 0.001, 100.0, 0.2, 1.5, 0.001, -2.00339834579e-14
1, 90.0, 0.0, 10.0, 0.001, 0.8, 0.5, 0.001, 1.35308431126e-16
2, 45.0, 0.0, 1000.0, 1000.0, 0.6, 0.5, 1.0, 0.0
2, 0.0, 0.0, 0.1, 0.01, 0.4, 2.5, 10.0, -7.2858385991e-17
1, 9.0, 72.0, 0.01, 10.0, 0.6, 1.0, 0.01, -2.24248245841e-15
7, 90.0, 18.0, 1000.0, 0.1, 0.4, 1.5, 10.0, 2.38742359215e-12
0, 81.0, 81.0, 1000.0, 0.01, 0.2, 2.0, 0.01, 0.0
1, 63.0, 63.0, 1000.0, 1.0, 0.8, 1.0, 0.1, 1.13686837722e-13
6, 9.0, 0.0, 0.001, 1.0, 0.4, 0, 1.0, 0.0
7, 81.0, 81.0, 0.1, 0.01, 1.0, 2.5, 0.01, -9.54097911787e-18
0, 36.0, 63.0, 100.0, 100.0, 0.4, 0, 0.001, 0.0
0, 90.0, 45.0, 0.001, 100.0, 0.0, 1.0, 10.0, 0.0
7, 45.0, 36.0, 1.0, 1.0, 0.0, 0.5, 0.1, -7.14706072102e-16
2, 27.0, 81.0, 1000.0, 0.001, 0.8, 2.5, 0.001, 6.33174068732e-17
7, 0.0, 27.0, 1000.0, 0.001, 0.0, 0.5, 0.1, -1.70530256582e-13
0, 63.0, 54.0, 100.0, 100.0, 0.4, 2.5, 0.1, 0.0
0, 36.0, 72.0, 0.01, 10.0, 0.2, 3.0, 0.01, 0.0
6, 27.0, 72.0, 100.0, 0.01, 1.0, 2.5, 0.1, -5.3290705182e-14
3, 18.0, 0.0, 0.1, 0.01, 1.0, 1.5, 0.001, -2.5614276325e-18
7, 18.0, 27.0, 0.01, 0.01, 0.4, 1.5, 10.0, 2.64545330086e-17
2, 36.0, 9.0, 100.0, 1.0, 1.0, 2.0, 1.0, 1.11022302463e-16
6, 90.0, 36.0, 1000.0, 0.1, 0.4, 0.5, 1.0, 2.27373675443e-13
6, 81.0, 81.0, 0.1, 0.1, 0.8, 1.0, 0.001, 4.52112305926e-17
0, 27.0, 18.0, 1000.0, 10.0, 0.2, 3.0, 0.01, 0.0
2, 90.0, 54.0, 1000.0, 1.0, 0.4, 2.0, 0.001, 0.0
7, 63.0, 45.0, 0.001, 0.1, 0.4, 2.0, 0.1, -2.80808362674e-17
6, 81.0, 9.0, 0.001, 0.01, 0.0, 0, 1.0, 0.0
2, 27.0, 9.0, 0.001, 1000.0, 0.2, 1.0, 1.0, 0.0
3, 27.0, 36.0, 0.1, 0.1, 1.0, 1.0, 10.0, -2.84217094304e-14
2, 54.0, 45.0, 0.01, 10.0, 0.2, 3.0, 0.01, 0.0
1, 81.0, 81.0, 1000.0, 10.0, 0.4, 2.0, 10.0, 3.63797880709e-12
6, 90.0, 90.0, 10.0, 10.0, 0.8, 2.5, 1.0, 1.42108547152e-14
7, 9.0, 72.0, 0.001, 10.0, 0.4, 1.0, 0.1, -4.51976780655e-16
1, 63.0, 81.0, 0.1, 1.0, 1.0, 2.5, 0.001, -4.66125619006e-16
3, 72.0, 54.0, 10.0, 1000.0, 0.6, 1.5, 1.0, 0.0
6, 81.0, 9.0, 100.0, 0.1, 0.2, 3.0, 0.001, 2.35367281221e-14
0, 63.0, 81.0, 10.0, 1.0, 0.4, 0.5, 0.01, 0.0
0, 0.0, 36.0, 0.001, 10.0, 0.8, 1.0, 0.01, 0.0
6, 45.0, 0.0, 10.0, 0.1, 0.6, 1.0, 1.0, -4.4408920985e-15
0, 90.0, 81.0, 0.1, 0.1, 1.0, 1.0, 10.0, 0.0
1, 0.0, 9.0, 0.01, 100.0, 1.0, 0.5, 0.1, -3.30829114104e-14
0, 45.0, 45.0, 0.001, 100.0, 0.6, 1.0, 0.001, 0.0
3, 27.0, 81.0, 0.1, 0.001, 0.8, 3.0, 10.0, -2.84217094304e-14
1, 90.0, 18.0, 0.01, 10.0, 0.0, 0, 10.0, -2.52575738102e-15
0, 72.0, 90.0, 1000.0, 1000.0, 0.2, 1.5, 10.0, 0.0
2, 9.0, 0.0, 0.001, 0.01, 0.6, 1.5, 0.001, 0.0
1, 18.0, 72.0, 0.1, 1000.0, 0.6, 0, 0.1, -2.45557046918e-13
2, 0.0, 45.0, 100.0, 100.0, 1.0, 3.0, 10.0, -1.42108547152e-14
6, 63.0, 18.0, 1.0, 10.0, 1.0, 1.5, 1.0, 6.88338275268e-15
2, 27.0, 63.0, 10.0, 1.0, 0.2, 3.0, 10.0, 0.0
6, 45.0, 45.0, 10.0, 0.01, 0.0, 0.5, 1.0, -8.881784197e-15
0, 9.0, 54.0, 1.0, 0.01, 0.2, 0.5, 0.001, 0.0
6, 54.0, 9.0, 1000.0, 0.001, 0.6, 2.0, 1.0, 1.13686837722e-13